filename	time	train_acc	val_acc	sd_acc10	val_auc	sd_auc10	val_tn	val_fn	val_fp	val_tp	val_precision	sd_precision10	val_recall	sd_recall10	val_f1	sd_f1_10	val_mmc	sd_mcc_10	epst	train_acc_a	sd_acc	val_acc_a	sd_acc	train_auc_a	sd_auc	val_auc_a	sd_auc	va_mmc_a	sd_mmc
results/Chatelier_gut_obesity_binGMM_nb10_aun_0.0_1.0/a1_estopc5_fc_o3adam_lr-1.0de0.0e500_20231214_192909c1.0di-1ch3dfc0.0file_sum_ok.txt	73.5	0.69	0.59	0.0	0.769	0.0	-1.0	-1.0	-1.0	-1.0	0.261	0.0	0.341	0.0	0.284	0.0	0.057	0.0	17.8	0.6902709186077118	0.06492129096634043	0.589682549238205	0.042157384361445775	0.8798096102601546	0.031547504557171265	0.7686331219730691	0.029493492679177308	0.057265775920124204	0.15267373926093386
results/Chatelier_gut_obesity_binGMM_nb11_aun_0.0_1.0/a1_estopc5_fc_o3adam_lr-1.0de0.0e500_20231214_193025c1.0di-1ch3dfc0.0file_sum_ok.txt	76.9	0.683	0.586	0.0	0.768	0.0	-1.0	-1.0	-1.0	-1.0	0.261	0.0	0.341	0.0	0.284	0.0	0.044	0.0	17.4	0.682672518491745	0.05952036561600587	0.5861111164093018	0.04497139954473683	0.8770463068713195	0.030572065130793927	0.7677944171495759	0.02941904332740581	0.04357101194317896	0.14999157237864563
results/Chatelier_gut_obesity_binGMM_nb12_aun_0.0_1.0/a1_estopc5_fc_o3adam_lr-1.0de0.0e500_20231214_193145c1.0di-1ch3dfc0.0file_sum_ok.txt	86.2	0.682	0.586	0.0	0.768	0.0	-1.0	-1.0	-1.0	-1.0	0.263	0.0	0.341	0.0	0.285	0.0	0.044	0.0	17.2	0.6818645477294922	0.05609260338823828	0.5861111164093018	0.04497139954473683	0.8759977613561689	0.02907321252322908	0.7681626354245401	0.028906107625474766	0.04357101194317896	0.14999157237864563
results/Chatelier_gut_obesity_binGMM_nb13_aun_0.0_1.0/a1_estopc5_fc_o3adam_lr-1.0de0.0e500_20231214_193314c1.0di-1ch3dfc0.0file_sum_ok.txt	87.8	0.681	0.583	0.0	0.767	0.0	-1.0	-1.0	-1.0	-1.0	0.268	0.0	0.341	0.0	0.286	0.0	0.037	0.0	17.0	0.6806645452976227	0.05501544411272228	0.5825396835803985	0.047350799707326	0.8740722408723671	0.02862496614933096	0.7670146762408667	0.028045419891907734	0.037231652114303675	0.1513807539797563
results/Chatelier_gut_obesity_binGMM_nb14_aun_0.0_1.0/a1_estopc5_fc_o3adam_lr-1.0de0.0e500_20231214_193445c1.0di-1ch3dfc0.0file_sum_ok.txt	87.1	0.673	0.59	0.0	0.762	0.0	-1.0	-1.0	-1.0	-1.0	0.262	0.0	0.335	0.0	0.28	0.0	0.044	0.0	16.0	0.6730661392211914	0.051785399335141945	0.5898148238658905	0.04056103201262752	0.8694292603609467	0.028084505198256504	0.7623795351473924	0.030116990920988594	0.044120217308895794	0.1425486956093849
results/Chatelier_gut_obesity_binGMM_nb15_aun_0.0_1.0/a1_estopc5_fc_o3adam_lr-1.0de0.0e500_20231214_193615c1.0di-1ch3dfc0.0file_sum_ok.txt	90.3	0.671	0.59	0.0	0.762	0.0	-1.0	-1.0	-1.0	-1.0	0.264	0.0	0.335	0.0	0.28	0.0	0.044	0.0	15.8	0.6710661351680756	0.049755318457035486	0.5898148238658905	0.04056103201262752	0.8680401518071141	0.027484904758308195	0.7618645194703395	0.030321128725615338	0.044120217308895794	0.1425486956093849
results/Chatelier_gut_obesity_binGMM_nb16_aun_0.0_1.0/a1_estopc5_fc_o3adam_lr-1.0de0.0e500_20231214_193749c1.0di-1ch3dfc0.0file_sum_ok.txt	82.4	0.67	0.59	0.0	0.762	0.0	-1.0	-1.0	-1.0	-1.0	0.26	0.0	0.335	0.0	0.279	0.0	0.044	0.0	15.8	0.6702661335468292	0.04915137232887486	0.5898148238658905	0.04056103201262752	0.8674029351026175	0.027335763667960884	0.7616731929397274	0.030450781731866754	0.044120217308895794	0.1425486956093849
results/Chatelier_gut_obesity_binGMM_nb17_aun_0.0_1.0/a1_estopc5_fc_o3adam_lr-1.0de0.0e500_20231214_193914c1.0di-1ch3dfc0.0file_sum_ok.txt	89.7	0.664	0.59	0.0	0.762	0.0	-1.0	-1.0	-1.0	-1.0	0.263	0.0	0.337	0.0	0.28	0.0	0.044	0.0	15.4	0.663867735862732	0.04799874706256525	0.5898148238658905	0.04056103201262752	0.8653421430516977	0.026797770209437858	0.7619234833851236	0.02974363738375965	0.044120217308895794	0.1425486956093849
results/Chatelier_gut_obesity_binGMM_nb18_aun_0.0_1.0/a1_estopc5_fc_o3adam_lr-1.0de0.0e500_20231214_194047c1.0di-1ch3dfc0.0file_sum_ok.txt	89.5	0.665	0.59	0.0	0.761	0.0	-1.0	-1.0	-1.0	-1.0	0.264	0.0	0.339	0.0	0.281	0.0	0.044	0.0	15.4	0.6650661349296569	0.049392156804491154	0.5898148238658905	0.04056103201262752	0.8648477828097967	0.02661114888814006	0.7610895901570505	0.029569322453309958	0.044120217308895794	0.1425486956093849
results/Chatelier_gut_obesity_binGMM_nb19_aun_0.0_1.0/a1_estopc5_fc_o3adam_lr-1.0de0.0e500_20231214_194219c1.0di-1ch3dfc0.0file_sum_ok.txt	85.7	0.663	0.59	0.0	0.761	0.0	-1.0	-1.0	-1.0	-1.0	0.264	0.0	0.339	0.0	0.281	0.0	0.044	0.0	15.1	0.6630661368370057	0.048890181869549534	0.5898148238658905	0.04056103201262752	0.8631917144172313	0.026854800975379282	0.7612761050922427	0.029146094579778715	0.044120217308895794	0.1425486956093849
results/Chatelier_gut_obesity_binGMM_nb20_aun_0.0_1.0/a1_estopc5_fc_o3adam_lr-1.0de0.0e500_20231214_194348c1.0di-1ch3dfc0.0file_sum_ok.txt	89.3	0.66	0.59	0.0	0.761	0.0	-1.0	-1.0	-1.0	-1.0	0.264	0.0	0.339	0.0	0.281	0.0	0.044	0.0	15.0	0.6602709233760834	0.04635801053570099	0.5898148238658905	0.04056103201262752	0.8623844778336853	0.02656501560641954	0.761472243218275	0.0292093160374973	0.044120217308895794	0.1425486956093849
results/Chatelier_gut_obesity_binGMM_nb2_aun_0.0_1.0/a1_estopc5_fc_o3adam_lr-1.0de0.0e500_20231214_192122c1.0di-1ch3dfc0.0file_sum_ok.txt	42.0	0.808	0.611	0.0	0.796	0.0	-1.0	-1.0	-1.0	-1.0	0.348	0.0	0.369	0.0	0.34	0.0	0.135	0.0	29.0	0.8077769041061401	0.09077738734848431	0.6111111104488373	0.06604755461955486	0.942394428202727	0.03679067231218199	0.7964380196523054	0.057171939937616795	0.1351175440302871	0.21277569836136026
results/Chatelier_gut_obesity_binGMM_nb3_aun_0.0_1.0/a1_estopc5_fc_o3adam_lr-1.0de0.0e500_20231214_192208c1.0di-1ch3dfc0.0file_sum_ok.txt	45.7	0.772	0.615	0.0	0.787	0.0	-1.0	-1.0	-1.0	-1.0	0.348	0.0	0.375	0.0	0.34	0.0	0.15	0.0	27.6	0.7717960178852081	0.09343542153855308	0.6149471044540405	0.05399175072613184	0.927665456319741	0.041602970716104005	0.7873818972033259	0.047613793614608955	0.15034554827799557	0.1656590019342474
results/Chatelier_gut_obesity_binGMM_nb4_aun_0.0_1.0/a1_estopc5_fc_o3adam_lr-1.0de0.0e500_20231214_192256c1.0di-1ch3dfc0.0file_sum_ok.txt	51.4	0.753	0.622	0.0	0.78	0.0	-1.0	-1.0	-1.0	-1.0	0.353	0.0	0.372	0.0	0.33	0.0	0.158	0.0	25.3	0.7526103615760803	0.10027403948318174	0.6220899522304535	0.05501769839428205	0.9137957448929382	0.04485716431518691	0.779561567425324	0.04188064302626028	0.15812855961759822	0.19800510362974486
results/Chatelier_gut_obesity_binGMM_nb5_aun_0.0_1.0/a1_estopc5_fc_o3adam_lr-1.0de0.0e500_20231214_192351c1.0di-1ch3dfc0.0file_sum_ok.txt	52.3	0.729	0.611	0.0	0.777	0.0	-1.0	-1.0	-1.0	-1.0	0.287	0.0	0.367	0.0	0.313	0.0	0.121	0.0	22.6	0.7286502003669739	0.09488433126957546	0.6111111223697663	0.05780892825925881	0.9031812350153172	0.04422445841905591	0.7765400604686319	0.03935007451940657	0.12085780711563598	0.20045612193921555
results/Chatelier_gut_obesity_binGMM_nb6_aun_0.0_1.0/a1_estopc5_fc_o3adam_lr-1.0de0.0e500_20231214_192446c1.0di-1ch3dfc0.0file_sum_ok.txt	52.1	0.717	0.604	0.0	0.773	0.0	-1.0	-1.0	-1.0	-1.0	0.281	0.0	0.354	0.0	0.302	0.0	0.088	0.0	20.5	0.7166613519191742	0.08667166948730738	0.6041005432605744	0.04400230733098366	0.8958288882525676	0.04040189223912488	0.773143730228717	0.034661334589610134	0.08781120500449914	0.17238207963043167
results/Chatelier_gut_obesity_binGMM_nb7_aun_0.0_1.0/a1_estopc5_fc_o3adam_lr-1.0de0.0e500_20231214_192541c1.0di-1ch3dfc0.0file_sum_ok.txt	57.1	0.705	0.593	0.0	0.77	0.0	-1.0	-1.0	-1.0	-1.0	0.273	0.0	0.346	0.0	0.294	0.0	0.061	0.0	18.9	0.7054613590240478	0.07941633501201181	0.5933862626552582	0.04340236800700371	0.8890581685497055	0.036570835703642064	0.770163734217967	0.03216978501081775	0.06136809043331032	0.15633098474525267
results/Chatelier_gut_obesity_binGMM_nb8_aun_0.0_1.0/a1_estopc5_fc_o3adam_lr-1.0de0.0e500_20231214_192641c1.0di-1ch3dfc0.0file_sum_ok.txt	69.3	0.703	0.586	0.0	0.77	0.0	-1.0	-1.0	-1.0	-1.0	0.264	0.0	0.341	0.0	0.287	0.0	0.049	0.0	19.0	0.7026629507541656	0.07332232855063153	0.5861111223697663	0.03888730617015267	0.8872308254027714	0.034368159102051835	0.7697714579659024	0.031123131245561375	0.048906595031433395	0.1460148163772213
results/Chatelier_gut_obesity_binGMM_nb9_aun_0.0_1.0/a1_estopc5_fc_o3adam_lr-1.0de0.0e500_20231214_192754c1.0di-1ch3dfc0.0file_sum_ok.txt	71.8	0.688	0.59	0.0	0.766	0.0	-1.0	-1.0	-1.0	-1.0	0.264	0.0	0.341	0.0	0.287	0.0	0.05	0.0	17.4	0.6878677308559418	0.06587859562153982	0.5898148238658905	0.05162951323414626	0.8801075919810796	0.0325955518218084	0.7658029415469891	0.031303324916044234	0.049693147516180605	0.1622533739562424
results/metahitIBD_binGMM_nb10_aun_0.0_1.0/a1_estopc5_fc_o2adam_lr-1.0de0.0e500_20231214_180445c1.0di-1ch3dfc0.0file_sum_ok.txt	197.3	0.946	0.844	0.0	0.925	0.0	-1.0	-1.0	-1.0	-1.0	0.839	0.0	0.816	0.0	0.823	0.0	0.654	0.0	103.7	0.9464858055114747	0.029531443896770218	0.8435918390750885	0.061529530685369205	0.9898930396596624	0.010346379500429248	0.9245921621336708	0.04258352250997636	0.6544309493373934	0.13496784434391712
results/metahitIBD_binGMM_nb11_aun_0.0_1.0/a1_estopc5_fc_o2adam_lr-1.0de0.0e500_20231214_180805c1.0di-1ch3dfc0.0file_sum_ok.txt	202.7	0.944	0.848	0.0	0.923	0.0	-1.0	-1.0	-1.0	-1.0	0.844	0.0	0.822	0.0	0.828	0.0	0.665	0.0	102.5	0.9439996719360352	0.028562882595728666	0.8476326644420624	0.058328812821561146	0.989284501383531	0.010458380840593336	0.9229545514442336	0.044328006040484084	0.6646007169337471	0.12674869319350524
results/metahitIBD_binGMM_nb12_aun_0.0_1.0/a1_estopc5_fc_o2adam_lr-1.0de0.0e500_20231214_181131c1.0di-1ch3dfc0.0file_sum_ok.txt	202.8	0.941	0.85	0.0	0.922	0.0	-1.0	-1.0	-1.0	-1.0	0.848	0.0	0.823	0.0	0.83	0.0	0.67	0.0	99.9	0.9408378720283508	0.02785845656857917	0.8496734797954559	0.0589792495734088	0.9886793245663151	0.010398172989880567	0.9224179053341768	0.043643812529906886	0.6702536805239556	0.12862915252474674
results/metahitIBD_binGMM_nb13_aun_0.0_1.0/a1_estopc5_fc_o2adam_lr-1.0de0.0e500_20231214_181457c1.0di-1ch3dfc0.0file_sum_ok.txt	195.5	0.94	0.854	0.0	0.922	0.0	-1.0	-1.0	-1.0	-1.0	0.852	0.0	0.829	0.0	0.835	0.0	0.679	0.0	98.1	0.9397087037563324	0.02712066469628297	0.8537142932415008	0.060819115606730464	0.988261930082072	0.010244567064343589	0.9215090001054186	0.044993632843253764	0.6793116022977939	0.1327075989438617
results/metahitIBD_binGMM_nb14_aun_0.0_1.0/a1_estopc5_fc_o2adam_lr-1.0de0.0e500_20231214_181815c1.0di-1ch3dfc0.0file_sum_ok.txt	198.4	0.935	0.842	0.0	0.916	0.0	-1.0	-1.0	-1.0	-1.0	0.839	0.0	0.814	0.0	0.821	0.0	0.652	0.0	90.2	0.9354177057743073	0.026764652392769355	0.841551023721695	0.062059292229657594	0.986113829895246	0.010719595824684462	0.9162894660552393	0.04419055695713469	0.6516207297795356	0.13687629245483496
results/metahitIBD_binGMM_nb15_aun_0.0_1.0/a1_estopc5_fc_o2adam_lr-1.0de0.0e500_20231214_182137c1.0di-1ch3dfc0.0file_sum_ok.txt	206.6	0.935	0.846	0.0	0.916	0.0	-1.0	-1.0	-1.0	-1.0	0.843	0.0	0.82	0.0	0.826	0.0	0.662	0.0	88.9	0.9345137536525726	0.026319891968410315	0.8456326603889466	0.05667705508706367	0.9857152797770775	0.010648377257891804	0.9155643843558929	0.04539095285900043	0.6619692100375588	0.1231038299909517
results/metahitIBD_binGMM_nb16_aun_0.0_1.0/a1_estopc5_fc_o2adam_lr-1.0de0.0e500_20231214_182507c1.0di-1ch3dfc0.0file_sum_ok.txt	214.8	0.933	0.848	0.0	0.915	0.0	-1.0	-1.0	-1.0	-1.0	0.845	0.0	0.823	0.0	0.829	0.0	0.666	0.0	87.9	0.933383560180664	0.025419365774728243	0.8476326584815979	0.05749572041061056	0.985365667880276	0.010553413456305649	0.9150231261859583	0.04609066885545962	0.6663032329631965	0.12495146085038097
results/metahitIBD_binGMM_nb17_aun_0.0_1.0/a1_estopc5_fc_o2adam_lr-1.0de0.0e500_20231214_182844c1.0di-1ch3dfc0.0file_sum_ok.txt	214.9	0.932	0.848	0.0	0.914	0.0	-1.0	-1.0	-1.0	-1.0	0.845	0.0	0.823	0.0	0.829	0.0	0.666	0.0	86.6	0.9315766632556916	0.025254462249491128	0.8476326584815979	0.05749572041061056	0.9849431293544754	0.010440196637747125	0.914144858212102	0.04641563996507768	0.6663032329631965	0.12495146085038097
results/metahitIBD_binGMM_nb18_aun_0.0_1.0/a1_estopc5_fc_o2adam_lr-1.0de0.0e500_20231214_183222c1.0di-1ch3dfc0.0file_sum_ok.txt	217.6	0.931	0.846	0.0	0.914	0.0	-1.0	-1.0	-1.0	-1.0	0.842	0.0	0.821	0.0	0.826	0.0	0.662	0.0	85.8	0.930673211812973	0.024804458571399304	0.8455918371677399	0.05450898790372969	0.9846481877593589	0.010336160954292803	0.9137874235715792	0.04658983293872987	0.6623854021857797	0.11895411477396532
results/metahitIBD_binGMM_nb19_aun_0.0_1.0/a1_estopc5_fc_o2adam_lr-1.0de0.0e500_20231214_183603c1.0di-1ch3dfc0.0file_sum_ok.txt	205.7	0.93	0.844	0.0	0.913	0.0	-1.0	-1.0	-1.0	-1.0	0.839	0.0	0.82	0.0	0.824	0.0	0.658	0.0	85.0	0.9299955010414124	0.024701452228474356	0.8435510218143463	0.05364949700915942	0.9844251282885246	0.010187231529104062	0.913440201349357	0.046522350538130246	0.6579664915754491	0.11734721052950707
results/metahitIBD_binGMM_nb20_aun_0.0_1.0/a1_estopc5_fc_o2adam_lr-1.0de0.0e500_20231214_183932c1.0di-1ch3dfc0.0file_sum_ok.txt	211.5	0.93	0.846	0.0	0.913	0.0	-1.0	-1.0	-1.0	-1.0	0.842	0.0	0.823	0.0	0.827	0.0	0.663	0.0	84.3	0.929769766330719	0.02374297137761585	0.8455918371677399	0.05295878274680296	0.9841826594958029	0.010096696383103268	0.9132665902382457	0.0466156044380846	0.6630773617506714	0.11584841139688583
results/metahitIBD_binGMM_nb2_aun_0.0_1.0/a1_estopc5_fc_o2adam_lr-1.0de0.0e500_20231214_174251c1.0di-1ch3dfc0.0file_sum_ok.txt	142.1	0.984	0.874	0.0	0.94	0.0	-1.0	-1.0	-1.0	-1.0	0.867	0.0	0.855	0.0	0.859	0.0	0.722	0.0	124.7	0.9839729130268097	0.022941683735099375	0.8738775372505188	0.04381628265156551	0.9978410081070477	0.004036417626129514	0.9395905808559984	0.03846135695401049	0.7217520378311535	0.10004595053264664
results/metahitIBD_binGMM_nb3_aun_0.0_1.0/a1_estopc5_fc_o2adam_lr-1.0de0.0e500_20231214_174516c1.0di-1ch3dfc0.0file_sum_ok.txt	140.9	0.979	0.866	0.0	0.94	0.0	-1.0	-1.0	-1.0	-1.0	0.857	0.0	0.849	0.0	0.851	0.0	0.705	0.0	128.5	0.9787810385227204	0.02759495176632902	0.8658367395401001	0.05643114766011698	0.9970415135873305	0.005391164310960998	0.9396834809192495	0.03761352906364415	0.7054379109619603	0.12325952960673724
results/metahitIBD_binGMM_nb4_aun_0.0_1.0/a1_estopc5_fc_o2adam_lr-1.0de0.0e500_20231214_174740c1.0di-1ch3dfc0.0file_sum_ok.txt	169.9	0.97	0.874	0.0	0.932	0.0	-1.0	-1.0	-1.0	-1.0	0.866	0.0	0.858	0.0	0.86	0.0	0.724	0.0	128.9	0.9695249378681183	0.03294779385765326	0.8739591836929321	0.06110185568267169	0.9945818416704799	0.008614209624132542	0.9318189305292008	0.04325633460865732	0.7236732055158951	0.13385991335704803
results/metahitIBD_binGMM_nb5_aun_0.0_1.0/a1_estopc5_fc_o2adam_lr-1.0de0.0e500_20231214_175033c1.0di-1ch3dfc0.0file_sum_ok.txt	170.7	0.964	0.866	0.0	0.928	0.0	-1.0	-1.0	-1.0	-1.0	0.857	0.0	0.847	0.0	0.851	0.0	0.704	0.0	123.8	0.9636538088321686	0.03652827482221887	0.8658367276191712	0.0613267314734495	0.9931477297256931	0.01005404346588057	0.928126647164242	0.04344820501216535	0.7042781310498254	0.13544839222954347
results/metahitIBD_binGMM_nb6_aun_0.0_1.0/a1_estopc5_fc_o2adam_lr-1.0de0.0e500_20231214_175327c1.0di-1ch3dfc0.0file_sum_ok.txt	148.1	0.959	0.86	0.0	0.928	0.0	-1.0	-1.0	-1.0	-1.0	0.854	0.0	0.836	0.0	0.842	0.0	0.69	0.0	116.7	0.9589093327522278	0.033443911893814716	0.8597959220409394	0.06259719137510923	0.9918763689334034	0.010823270519429752	0.9276058138309086	0.044011067138201194	0.6898342191062165	0.1386351582924763
results/metahitIBD_binGMM_nb7_aun_0.0_1.0/a1_estopc5_fc_o2adam_lr-1.0de0.0e500_20231214_175558c1.0di-1ch3dfc0.0file_sum_ok.txt	155.6	0.954	0.856	0.0	0.924	0.0	-1.0	-1.0	-1.0	-1.0	0.851	0.0	0.831	0.0	0.837	0.0	0.681	0.0	110.5	0.9539390981197358	0.03244437775179299	0.8557959258556366	0.058374493911065715	0.9908931633415948	0.01101739806321804	0.9238170066413662	0.04487698450251115	0.681009594857723	0.12904134936949238
results/metahitIBD_binGMM_nb8_aun_0.0_1.0/a1_estopc5_fc_o2adam_lr-1.0de0.0e500_20231214_175836c1.0di-1ch3dfc0.0file_sum_ok.txt	173.9	0.949	0.846	0.0	0.923	0.0	-1.0	-1.0	-1.0	-1.0	0.84	0.0	0.822	0.0	0.826	0.0	0.66	0.0	105.5	0.9494218766689301	0.0310482102976995	0.8456326603889466	0.059543958561368314	0.9899903338330679	0.011076329420016483	0.9232905729496099	0.04412180659325829	0.6603032909439227	0.13047257394368697
results/metahitIBD_binGMM_nb9_aun_0.0_1.0/a1_estopc5_fc_o2adam_lr-1.0de0.0e500_20231214_180133c1.0di-1ch3dfc0.0file_sum_ok.txt	188.8	0.945	0.85	0.0	0.921	0.0	-1.0	-1.0	-1.0	-1.0	0.845	0.0	0.826	0.0	0.831	0.0	0.67	0.0	101.4	0.9453566193580627	0.03178918509212843	0.8497142910957336	0.06223085846156852	0.9890385545617001	0.01144237745449947	0.9207522928526248	0.044262955355759664	0.6696448412532489	0.13682788132323806
results/Quin_gut_liver_cirrhosis_binGMM_nb10_aun_0.0_1.0/a1_estopc5_fc_o2adam_lr-1.0de0.0e500_20231214_163514c1.0di-1ch3dfc0.0file_sum_ok.txt	139.7	0.95	0.854	0.0	0.921	0.0	-1.0	-1.0	-1.0	-1.0	0.861	0.0	0.855	0.0	0.853	0.0	0.715	0.0	166.1	0.9502116322517395	0.04349530244796229	0.853804349899292	0.0722190229640494	0.9872890504914158	0.011858035790921947	0.9207070707070706	0.05520088810099027	0.7153044814230131	0.14184631792810337
results/Quin_gut_liver_cirrhosis_binGMM_nb11_aun_0.0_1.0/a1_estopc5_fc_o2adam_lr-1.0de0.0e500_20231214_163737c1.0di-1ch3dfc0.0file_sum_ok.txt	134.4	0.95	0.858	0.0	0.92	0.0	-1.0	-1.0	-1.0	-1.0	0.865	0.0	0.859	0.0	0.857	0.0	0.724	0.0	152.9	0.9497331619262696	0.04381227945758966	0.8579710185527801	0.07211966011611655	0.9863463010140151	0.011936977787081375	0.9200126262626261	0.054588730552807364	0.7238995956569846	0.14124151889643735
results/Quin_gut_liver_cirrhosis_binGMM_nb12_aun_0.0_1.0/a1_estopc5_fc_o2adam_lr-1.0de0.0e500_20231214_163955c1.0di-1ch3dfc0.0file_sum_ok.txt	127.0	0.945	0.858	0.0	0.918	0.0	-1.0	-1.0	-1.0	-1.0	0.865	0.0	0.859	0.0	0.857	0.0	0.724	0.0	141.1	0.9454177439212799	0.04066105927322882	0.8579710185527801	0.07211966011611655	0.9854308965444097	0.011827102297514316	0.9184974747474746	0.05455542750438967	0.7238995956569846	0.14124151889643735
results/Quin_gut_liver_cirrhosis_binGMM_nb13_aun_0.0_1.0/a1_estopc5_fc_o2adam_lr-1.0de0.0e500_20231214_164204c1.0di-1ch3dfc0.0file_sum_ok.txt	130.8	0.935	0.854	0.0	0.912	0.0	-1.0	-1.0	-1.0	-1.0	0.862	0.0	0.855	0.0	0.853	0.0	0.716	0.0	121.8	0.9348868250846862	0.03662023123021739	0.8536231935024261	0.06718939608171283	0.9825987755104789	0.010785758592630928	0.9124368686868687	0.05926819994561493	0.7162048412662811	0.13234598344605064
results/Quin_gut_liver_cirrhosis_binGMM_nb14_aun_0.0_1.0/a1_estopc5_fc_o2adam_lr-1.0de0.0e500_20231214_164418c1.0di-1ch3dfc0.0file_sum_ok.txt	135.2	0.932	0.854	0.0	0.91	0.0	-1.0	-1.0	-1.0	-1.0	0.862	0.0	0.855	0.0	0.853	0.0	0.716	0.0	119.5	0.9320137083530426	0.034128883787710354	0.8536231935024261	0.06718939608171283	0.981844065095429	0.010593590983565803	0.9102272727272724	0.0580436035869188	0.7162048412662811	0.13234598344605064
results/Quin_gut_liver_cirrhosis_binGMM_nb15_aun_0.0_1.0/a1_estopc5_fc_o2adam_lr-1.0de0.0e500_20231214_164636c1.0di-1ch3dfc0.0file_sum_ok.txt	139.6	0.931	0.854	0.0	0.909	0.0	-1.0	-1.0	-1.0	-1.0	0.862	0.0	0.855	0.0	0.853	0.0	0.716	0.0	117.9	0.9310544729232788	0.0341572686985522	0.8536231935024261	0.06718939608171283	0.9812777633556709	0.010650695287501177	0.9087121212121213	0.05825087639298627	0.7162048412662811	0.13234598344605064
results/Quin_gut_liver_cirrhosis_binGMM_nb16_aun_0.0_1.0/a1_estopc5_fc_o2adam_lr-1.0de0.0e500_20231214_164859c1.0di-1ch3dfc0.0file_sum_ok.txt	139.9	0.929	0.858	0.0	0.908	0.0	-1.0	-1.0	-1.0	-1.0	0.866	0.0	0.859	0.0	0.857	0.0	0.725	0.0	116.4	0.9286575257778168	0.03322168718482917	0.8579710185527801	0.07469482598302166	0.9806717707950792	0.010557739908564281	0.9078914141414142	0.05905558951568944	0.7245991187834122	0.14664537882176784
results/Quin_gut_liver_cirrhosis_binGMM_nb17_aun_0.0_1.0/a1_estopc5_fc_o2adam_lr-1.0de0.0e500_20231214_165122c1.0di-1ch3dfc0.0file_sum_ok.txt	143.6	0.928	0.858	0.0	0.906	0.0	-1.0	-1.0	-1.0	-1.0	0.866	0.0	0.859	0.0	0.857	0.0	0.725	0.0	115.4	0.9281790554523468	0.03339622242117189	0.8579710185527801	0.07469482598302166	0.9803459143644842	0.01048293374088619	0.9056186868686869	0.05949854138674571	0.7245991187834122	0.14664537882176784
results/Quin_gut_liver_cirrhosis_binGMM_nb18_aun_0.0_1.0/a1_estopc5_fc_o2adam_lr-1.0de0.0e500_20231214_165349c1.0di-1ch3dfc0.0file_sum_ok.txt	140.9	0.928	0.858	0.0	0.906	0.0	-1.0	-1.0	-1.0	-1.0	0.866	0.0	0.859	0.0	0.857	0.0	0.725	0.0	114.1	0.9277005910873413	0.03363116756967899	0.8579710185527801	0.07469482598302166	0.9797609891065389	0.010542642576260175	0.9063131313131315	0.05974450755544436	0.7245991187834122	0.14664537882176784
results/Quin_gut_liver_cirrhosis_binGMM_nb19_aun_0.0_1.0/a1_estopc5_fc_o2adam_lr-1.0de0.0e500_20231214_165613c1.0di-1ch3dfc0.0file_sum_ok.txt	130.5	0.927	0.858	0.0	0.905	0.0	-1.0	-1.0	-1.0	-1.0	0.866	0.0	0.859	0.0	0.857	0.0	0.725	0.0	113.4	0.9272221267223358	0.03282782150322161	0.8579710185527801	0.07469482598302166	0.9794626266401352	0.010530211899919093	0.9048611111111111	0.058880941441386433	0.7245991187834122	0.14664537882176784
results/Quin_gut_liver_cirrhosis_binGMM_nb20_aun_0.0_1.0/a1_estopc5_fc_o2adam_lr-1.0de0.0e500_20231214_165826c1.0di-1ch3dfc0.0file_sum_ok.txt	131.9	0.927	0.858	0.0	0.905	0.0	-1.0	-1.0	-1.0	-1.0	0.866	0.0	0.859	0.0	0.857	0.0	0.725	0.0	112.6	0.9267436563968658	0.03298362389942333	0.8579710185527801	0.07469482598302166	0.9790912264341773	0.010581324901428537	0.9047979797979799	0.06027490016955612	0.7245991187834122	0.14664537882176784
results/Quin_gut_liver_cirrhosis_binGMM_nb2_aun_0.0_1.0/a1_estopc5_fc_o2adam_lr-1.0de0.0e500_20231214_161535c1.0di-1ch3dfc0.0file_sum_ok.txt	102.5	0.985	0.866	0.0	0.943	0.0	-1.0	-1.0	-1.0	-1.0	0.871	0.0	0.868	0.0	0.866	0.0	0.739	0.0	167.4	0.9851651549339294	0.030520161755135854	0.866304349899292	0.06296847874430389	0.9974038835225876	0.007401618643781117	0.9432449494949495	0.04711512358220353	0.7386281683237681	0.12395879497064627
results/Quin_gut_liver_cirrhosis_binGMM_nb3_aun_0.0_1.0/a1_estopc5_fc_o2adam_lr-1.0de0.0e500_20231214_161721c1.0di-1ch3dfc0.0file_sum_ok.txt	125.8	0.983	0.875	0.0	0.942	0.0	-1.0	-1.0	-1.0	-1.0	0.88	0.0	0.877	0.0	0.875	0.0	0.756	0.0	221.6	0.9832535862922669	0.03211448609797814	0.8751811623573303	0.06181998021388196	0.9970765321306747	0.007826090161486348	0.9416666666666664	0.04673013743091077	0.7564290878876752	0.1207172501439295
results/Quin_gut_liver_cirrhosis_binGMM_nb4_aun_0.0_1.0/a1_estopc5_fc_o2adam_lr-1.0de0.0e500_20231214_161930c1.0di-1ch3dfc0.0file_sum_ok.txt	135.5	0.977	0.875	0.0	0.937	0.0	-1.0	-1.0	-1.0	-1.0	0.884	0.0	0.877	0.0	0.874	0.0	0.761	0.0	226.9	0.9765550255775451	0.03596163937223792	0.8751811563968659	0.06765983540721496	0.9949360133696572	0.008315651115358171	0.9371212121212122	0.049021942295734096	0.7610618973808494	0.12927056222676608
results/Quin_gut_liver_cirrhosis_binGMM_nb5_aun_0.0_1.0/a1_estopc5_fc_o2adam_lr-1.0de0.0e500_20231214_162149c1.0di-1ch3dfc0.0file_sum_ok.txt	144.0	0.968	0.875	0.0	0.935	0.0	-1.0	-1.0	-1.0	-1.0	0.883	0.0	0.877	0.0	0.875	0.0	0.759	0.0	211.1	0.9684210598468781	0.03780812348767567	0.8751811623573303	0.0703983340147694	0.9931343146905978	0.009012856891303576	0.9349747474747474	0.049648673872154395	0.7591779532080295	0.13596690053810406
results/Quin_gut_liver_cirrhosis_binGMM_nb6_aun_0.0_1.0/a1_estopc5_fc_o2adam_lr-1.0de0.0e500_20231214_162416c1.0di-1ch3dfc0.0file_sum_ok.txt	143.5	0.969	0.875	0.0	0.933	0.0	-1.0	-1.0	-1.0	-1.0	0.884	0.0	0.877	0.0	0.874	0.0	0.761	0.0	226.9	0.9688995182514191	0.03906193543889166	0.875	0.0594744060863423	0.9920766465969185	0.010466088545343121	0.933270202020202	0.05625850189124701	0.7607387468213221	0.11267609119415722
results/Quin_gut_liver_cirrhosis_binGMM_nb7_aun_0.0_1.0/a1_estopc5_fc_o2adam_lr-1.0de0.0e500_20231214_162642c1.0di-1ch3dfc0.0file_sum_ok.txt	165.8	0.971	0.866	0.0	0.934	0.0	-1.0	-1.0	-1.0	-1.0	0.875	0.0	0.868	0.0	0.866	0.0	0.743	0.0	240.7	0.9712918698787689	0.039974347760793644	0.8664855062961578	0.06249371004738901	0.9921544836427738	0.010806690372182078	0.9341540404040405	0.04892416089503988	0.7431871474993732	0.12103921076287101
results/Quin_gut_liver_cirrhosis_binGMM_nb8_aun_0.0_1.0/a1_estopc5_fc_o2adam_lr-1.0de0.0e500_20231214_162931c1.0di-1ch3dfc0.0file_sum_ok.txt	156.5	0.956	0.849	0.0	0.924	0.0	-1.0	-1.0	-1.0	-1.0	0.857	0.0	0.851	0.0	0.849	0.0	0.707	0.0	193.7	0.9559670627117157	0.04283341964092832	0.849456524848938	0.06414400441488645	0.9889319196372632	0.011423875862807069	0.9243686868686869	0.057784846507270324	0.7072062123682399	0.12381808283358782
results/Quin_gut_liver_cirrhosis_binGMM_nb9_aun_0.0_1.0/a1_estopc5_fc_o2adam_lr-1.0de0.0e500_20231214_163211c1.0di-1ch3dfc0.0file_sum_ok.txt	178.4	0.956	0.849	0.0	0.922	0.0	-1.0	-1.0	-1.0	-1.0	0.856	0.0	0.85	0.0	0.848	0.0	0.706	0.0	184.2	0.956447833776474	0.04222209041296764	0.849456524848938	0.06702630047784743	0.9881662259765663	0.011848412620065843	0.922159090909091	0.0566087962865178	0.7062745165159018	0.13125798966102745
results/t2d_binGMM_nb10_aun_0.0_1.0/a1_estopc5_fc_o2adam_lr-1.0de0.0e500_20231214_171620c1.0di-1ch3dfc0.0file_sum_ok.txt	128.5	0.828	0.666	0.0	0.735	0.0	-1.0	-1.0	-1.0	-1.0	0.67	0.0	0.661	0.0	0.659	0.0	0.332	0.0	70.5	0.8277124226093292	0.0680874865468606	0.6664414465427398	0.09298043947519528	0.9215735025002939	0.0422346339913146	0.7351238390092879	0.08453898818727265	0.3316518926113491	0.19448182949679757
results/t2d_binGMM_nb11_aun_0.0_1.0/a1_estopc5_fc_o2adam_lr-1.0de0.0e500_20231214_171831c1.0di-1ch3dfc0.0file_sum_ok.txt	132.6	0.82	0.672	0.0	0.732	0.0	-1.0	-1.0	-1.0	-1.0	0.677	0.0	0.666	0.0	0.663	0.0	0.343	0.0	58.3	0.8200587272644043	0.05513576755441393	0.6717717766761779	0.09095975864760923	0.9178545641104062	0.036475020709429054	0.731625386996904	0.08585120478409658	0.34278839949929374	0.18726203096172758
results/t2d_binGMM_nb12_aun_0.0_1.0/a1_estopc5_fc_o2adam_lr-1.0de0.0e500_20231214_172047c1.0di-1ch3dfc0.0file_sum_ok.txt	136.0	0.816	0.677	0.0	0.73	0.0	-1.0	-1.0	-1.0	-1.0	0.683	0.0	0.671	0.0	0.668	0.0	0.353	0.0	56.6	0.815771758556366	0.054165792905918414	0.6774024069309235	0.09521463705367493	0.9142284619104337	0.0361603141604659	0.7300773993808048	0.08578846393896246	0.3531657136352706	0.1957254237387848
results/t2d_binGMM_nb13_aun_0.0_1.0/a1_estopc5_fc_o2adam_lr-1.0de0.0e500_20231214_172306c1.0di-1ch3dfc0.0file_sum_ok.txt	139.6	0.811	0.675	0.0	0.729	0.0	-1.0	-1.0	-1.0	-1.0	0.678	0.0	0.668	0.0	0.666	0.0	0.346	0.0	56.2	0.8108759641647338	0.053022327873725066	0.6745495557785034	0.0859583373288887	0.9121348364471344	0.035709171746613325	0.7291640866873066	0.08420990598023202	0.3462823327672514	0.17561610239977063
results/t2d_binGMM_nb14_aun_0.0_1.0/a1_estopc5_fc_o2adam_lr-1.0de0.0e500_20231214_172529c1.0di-1ch3dfc0.0file_sum_ok.txt	143.5	0.808	0.669	0.0	0.728	0.0	-1.0	-1.0	-1.0	-1.0	0.672	0.0	0.663	0.0	0.661	0.0	0.335	0.0	54.8	0.8075073659420013	0.05187707116119572	0.6691441476345062	0.08312140094820145	0.9092798504548438	0.035074550836490685	0.7276470588235294	0.08332997785485032	0.33512594136507146	0.17017361797772254
results/t2d_binGMM_nb15_aun_0.0_1.0/a1_estopc5_fc_o2adam_lr-1.0de0.0e500_20231214_172755c1.0di-1ch3dfc0.0file_sum_ok.txt	147.1	0.804	0.672	0.0	0.726	0.0	-1.0	-1.0	-1.0	-1.0	0.675	0.0	0.666	0.0	0.664	0.0	0.341	0.0	53.9	0.804444569349289	0.04977592839196438	0.6719219267368317	0.08063426518823018	0.9071232548616486	0.034720636843771746	0.7258204334365325	0.08412026782883048	0.3409330059553915	0.16507232744005362
results/t2d_binGMM_nb16_aun_0.0_1.0/a1_estopc5_fc_o2adam_lr-1.0de0.0e500_20231214_173025c1.0di-1ch3dfc0.0file_sum_ok.txt	147.3	0.804	0.669	0.0	0.722	0.0	-1.0	-1.0	-1.0	-1.0	0.673	0.0	0.663	0.0	0.66	0.0	0.336	0.0	56.7	0.8041368842124939	0.05483992531560192	0.6692942917346955	0.07570178214332458	0.904770827531166	0.037539784248001896	0.7221362229102167	0.08663501850734916	0.335559522147766	0.153203314805925
results/t2d_binGMM_nb17_aun_0.0_1.0/a1_estopc5_fc_o2adam_lr-1.0de0.0e500_20231214_173256c1.0di-1ch3dfc0.0file_sum_ok.txt	143.3	0.8	0.664	0.0	0.722	0.0	-1.0	-1.0	-1.0	-1.0	0.667	0.0	0.658	0.0	0.655	0.0	0.325	0.0	55.0	0.8001557171344758	0.053775898262583416	0.6638138115406036	0.07528933982917711	0.9026244315101876	0.036563790626759546	0.7215479876160991	0.08464012959538342	0.3248107724153391	0.15270278268215967
results/t2d_binGMM_nb18_aun_0.0_1.0/a1_estopc5_fc_o2adam_lr-1.0de0.0e500_20231214_173522c1.0di-1ch3dfc0.0file_sum_ok.txt	145.2	0.799	0.664	0.0	0.72	0.0	-1.0	-1.0	-1.0	-1.0	0.667	0.0	0.658	0.0	0.655	0.0	0.325	0.0	53.7	0.7986238539218903	0.05101919921317328	0.6638138115406036	0.07528933982917711	0.9008142161800496	0.03568249179244976	0.7197523219814241	0.0847415193081437	0.3248107724153391	0.15270278268215967
results/t2d_binGMM_nb19_aun_0.0_1.0/a1_estopc5_fc_o2adam_lr-1.0de0.0e500_20231214_173750c1.0di-1ch3dfc0.0file_sum_ok.txt	143.9	0.796	0.661	0.0	0.719	0.0	-1.0	-1.0	-1.0	-1.0	0.664	0.0	0.656	0.0	0.652	0.0	0.32	0.0	52.4	0.7955610573291778	0.04897007576447253	0.6611111104488373	0.07721587826227447	0.8991279342435229	0.034828448520982686	0.7185603715170278	0.08337612620042968	0.3195722497184295	0.1566156853700362
results/t2d_binGMM_nb20_aun_0.0_1.0/a1_estopc5_fc_o2adam_lr-1.0de0.0e500_20231214_174017c1.0di-1ch3dfc0.0file_sum_ok.txt	150.6	0.793	0.658	0.0	0.717	0.0	-1.0	-1.0	-1.0	-1.0	0.66	0.0	0.653	0.0	0.65	0.0	0.313	0.0	51.0	0.7925010740756988	0.048252865852094456	0.6583333313465118	0.07943245123897717	0.8970901794384089	0.034516315803641104	0.7170278637770898	0.083788781822863	0.3129584075688839	0.1617863369236617
results/t2d_binGMM_nb2_aun_0.0_1.0/a1_estopc5_fc_o2adam_lr-1.0de0.0e500_20231214_170337c1.0di-1ch3dfc0.0file_sum_ok.txt	72.5	0.909	0.683	0.0	0.782	0.0	-1.0	-1.0	-1.0	-1.0	0.689	0.0	0.679	0.0	0.678	0.0	0.368	0.0	79.4	0.9091274201869964	0.07972351643357864	0.6832582592964173	0.11497494305693409	0.9755408555573277	0.028831079733977423	0.7824148606811147	0.0954572108116348	0.3679416657082032	0.2351511490286031
results/t2d_binGMM_nb3_aun_0.0_1.0/a1_estopc5_fc_o2adam_lr-1.0de0.0e500_20231214_170452c1.0di-1ch3dfc0.0file_sum_ok.txt	72.5	0.889	0.68	0.0	0.772	0.0	-1.0	-1.0	-1.0	-1.0	0.686	0.0	0.676	0.0	0.675	0.0	0.362	0.0	76.4	0.8889223515987397	0.07333809038238823	0.6801801860332489	0.11503941486786241	0.968473947164008	0.032526733439879704	0.7721207430340558	0.09639776285422781	0.36214247089568136	0.2376851890241691
results/t2d_binGMM_nb4_aun_0.0_1.0/a1_estopc5_fc_o2adam_lr-1.0de0.0e500_20231214_170608c1.0di-1ch3dfc0.0file_sum_ok.txt	81.3	0.871	0.68	0.0	0.762	0.0	-1.0	-1.0	-1.0	-1.0	0.684	0.0	0.676	0.0	0.674	0.0	0.36	0.0	79.9	0.871489280462265	0.07642129008187841	0.6803303301334381	0.10334367554217071	0.9585589310073237	0.03475708851574404	0.7619969040247678	0.08885519708243253	0.35957286461944377	0.2125693537983619
results/t2d_binGMM_nb5_aun_0.0_1.0/a1_estopc5_fc_o2adam_lr-1.0de0.0e500_20231214_170732c1.0di-1ch3dfc0.0file_sum_ok.txt	78.1	0.855	0.68	0.0	0.758	0.0	-1.0	-1.0	-1.0	-1.0	0.683	0.0	0.676	0.0	0.675	0.0	0.359	0.0	69.5	0.8546509385108948	0.06404473108241118	0.6801051020622253	0.10919097676913549	0.9508975529041825	0.03638321551027363	0.7581578947368421	0.087912124764704	0.3593299914122684	0.22636971896030877
results/t2d_binGMM_nb6_aun_0.0_1.0/a1_estopc5_fc_o2adam_lr-1.0de0.0e500_20231214_170853c1.0di-1ch3dfc0.0file_sum_ok.txt	90.4	0.851	0.694	0.0	0.748	0.0	-1.0	-1.0	-1.0	-1.0	0.7	0.0	0.689	0.0	0.687	0.0	0.388	0.0	79.9	0.8506782293319702	0.07731449840719434	0.6938438534736633	0.0989247897824389	0.9418474071240187	0.03929054109939335	0.7483126934984521	0.08630584052581346	0.388062063431046	0.20344673774188018
results/t2d_binGMM_nb7_aun_0.0_1.0/a1_estopc5_fc_o2adam_lr-1.0de0.0e500_20231214_171027c1.0di-1ch3dfc0.0file_sum_ok.txt	106.6	0.847	0.686	0.0	0.748	0.0	-1.0	-1.0	-1.0	-1.0	0.691	0.0	0.681	0.0	0.679	0.0	0.372	0.0	73.3	0.8469981789588928	0.06550794253693412	0.6855105221271515	0.09493268551296291	0.9368189416570163	0.03891303754927534	0.7482972136222911	0.08464126769893235	0.3718357938832665	0.19722167266382695
results/t2d_binGMM_nb8_aun_0.0_1.0/a1_estopc5_fc_o2adam_lr-1.0de0.0e500_20231214_171216c1.0di-1ch3dfc0.0file_sum_ok.txt	111.4	0.839	0.68	0.0	0.74	0.0	-1.0	-1.0	-1.0	-1.0	0.686	0.0	0.675	0.0	0.673	0.0	0.361	0.0	76.2	0.8393463611602783	0.07060408131058642	0.6801801919937134	0.09112641327473306	0.93054583704692	0.04153318616261997	0.7398142414860682	0.08458691607792858	0.3611571389803988	0.19017111125438815
results/t2d_binGMM_nb9_aun_0.0_1.0/a1_estopc5_fc_o2adam_lr-1.0de0.0e500_20231214_171411c1.0di-1ch3dfc0.0file_sum_ok.txt	125.8	0.833	0.672	0.0	0.737	0.0	-1.0	-1.0	-1.0	-1.0	0.676	0.0	0.667	0.0	0.665	0.0	0.343	0.0	73.6	0.8329158902168274	0.06965832895105808	0.6719970047473908	0.09029970742659663	0.9260716032708128	0.04180143664758405	0.7373529411764705	0.08605335558522019	0.34307608755716285	0.1889078089352202
results/WT2D_binGMM_nb10_aun_0.0_1.0/a1_estopc5_fc_o3adam_lr-1.0de0.0e500_20231214_184914c1.0di-1ch3dfc0.0file_sum_ok.txt	47.1	0.825	0.435	0.0	0.613	0.0	-1.0	-1.0	-1.0	-1.0	0.437	0.0	0.234	0.0	0.283	0.0	0.149	0.0	30.7	0.8252789139747619	0.06614322727659241	0.43476191312074663	0.10400266370505556	0.9507154646440996	0.030268440449793974	0.6133832199546485	0.11072019787459218	0.14923246833277998	0.16817042449543776
results/WT2D_binGMM_nb11_aun_0.0_1.0/a1_estopc5_fc_o3adam_lr-1.0de0.0e500_20231214_185004c1.0di-1ch3dfc0.0file_sum_ok.txt	50.0	0.821	0.435	0.0	0.61	0.0	-1.0	-1.0	-1.0	-1.0	0.437	0.0	0.221	0.0	0.272	0.0	0.147	0.0	30.1	0.8206811606884002	0.0628089521688055	0.43476191312074663	0.10400266370505556	0.9488448546294421	0.03050570108389804	0.610453514739229	0.11043990333759418	0.14722419998399444	0.17251131070077594
results/WT2D_binGMM_nb12_aun_0.0_1.0/a1_estopc5_fc_o3adam_lr-1.0de0.0e500_20231214_185057c1.0di-1ch3dfc0.0file_sum_ok.txt	49.8	0.815	0.435	0.0	0.607	0.0	-1.0	-1.0	-1.0	-1.0	0.437	0.0	0.215	0.0	0.265	0.0	0.147	0.0	29.4	0.814527302980423	0.06377128270164073	0.43476191312074663	0.10400266370505556	0.9471361677727363	0.03048091020170658	0.6066349206349206	0.11146241674767268	0.14722419998399444	0.17251131070077594
results/WT2D_binGMM_nb13_aun_0.0_1.0/a1_estopc5_fc_o3adam_lr-1.0de0.0e500_20231214_185150c1.0di-1ch3dfc0.0file_sum_ok.txt	53.5	0.808	0.442	0.0	0.606	0.0	-1.0	-1.0	-1.0	-1.0	0.42	0.0	0.202	0.0	0.249	0.0	0.159	0.0	28.6	0.8083910644054413	0.06281935053581758	0.4419047698378563	0.10577004419497921	0.9449081431717508	0.030796039511456732	0.6062233560090704	0.11385516707907155	0.15874827535857874	0.1749960052138422
results/WT2D_binGMM_nb14_aun_0.0_1.0/a1_estopc5_fc_o3adam_lr-1.0de0.0e500_20231214_185246c1.0di-1ch3dfc0.0file_sum_ok.txt	56.0	0.807	0.449	0.0	0.606	0.0	-1.0	-1.0	-1.0	-1.0	0.412	0.0	0.202	0.0	0.247	0.0	0.172	0.0	28.4	0.8068291187286377	0.07041286859302719	0.44857143610715866	0.1006959942930705	0.9438648893924542	0.031194877855609704	0.6058775510204082	0.11278290725158333	0.17158182469666222	0.16766893862487484
results/WT2D_binGMM_nb15_aun_0.0_1.0/a1_estopc5_fc_o3adam_lr-1.0de0.0e500_20231214_185345c1.0di-1ch3dfc0.0file_sum_ok.txt	59.4	0.805	0.449	0.0	0.611	0.0	-1.0	-1.0	-1.0	-1.0	0.369	0.0	0.219	0.0	0.259	0.0	0.172	0.0	29.8	0.8045566618442536	0.0712311133220092	0.4490476310253143	0.09703192043169341	0.9433120059623288	0.032554946002577974	0.6112845804988662	0.11354140704489035	0.1719395669275952	0.16127622176288992
results/WT2D_binGMM_nb16_aun_0.0_1.0/a1_estopc5_fc_o3adam_lr-1.0de0.0e500_20231214_185448c1.0di-1ch3dfc0.0file_sum_ok.txt	62.1	0.802	0.456	0.0	0.604	0.0	-1.0	-1.0	-1.0	-1.0	0.429	0.0	0.201	0.0	0.248	0.0	0.183	0.0	27.4	0.8022431015968323	0.06647774492161135	0.45571429580450057	0.10645920017179347	0.9412305606251135	0.031107709539856403	0.6042562358276643	0.11360047379615539	0.18287427275613363	0.1747628055854422
results/WT2D_binGMM_nb17_aun_0.0_1.0/a1_estopc5_fc_o3adam_lr-1.0de0.0e500_20231214_185553c1.0di-1ch3dfc0.0file_sum_ok.txt	58.2	0.797	0.441	0.0	0.605	0.0	-1.0	-1.0	-1.0	-1.0	0.41	0.0	0.182	0.0	0.225	0.0	0.161	0.0	28.2	0.7968761026859283	0.06590227859571922	0.44142857789993284	0.07604301112529917	0.9398159203353964	0.03201655549150457	0.6052687074829932	0.11609388072866367	0.16138069668715926	0.13503120885499906
results/WT2D_binGMM_nb18_aun_0.0_1.0/a1_estopc5_fc_o3adam_lr-1.0de0.0e500_20231214_185654c1.0di-1ch3dfc0.0file_sum_ok.txt	56.6	0.794	0.449	0.0	0.603	0.0	-1.0	-1.0	-1.0	-1.0	0.41	0.0	0.187	0.0	0.232	0.0	0.171	0.0	27.9	0.7938050508499146	0.07040610621328865	0.4485714346170425	0.07783347396632047	0.9388759242868359	0.03205092928276222	0.6032936507936508	0.11683854491551235	0.17132736315667724	0.1400670553610936
results/WT2D_binGMM_nb19_aun_0.0_1.0/a1_estopc5_fc_o3adam_lr-1.0de0.0e500_20231214_185754c1.0di-1ch3dfc0.0file_sum_ok.txt	56.1	0.795	0.442	0.0	0.603	0.0	-1.0	-1.0	-1.0	-1.0	0.41	0.0	0.194	0.0	0.24	0.0	0.16	0.0	27.6	0.794568407535553	0.07053462154615651	0.44190476536750795	0.07299240043544591	0.9384322385041907	0.03179560989521144	0.6028820861678005	0.1147764661775602	0.15995582240937026	0.12831844122040809
results/WT2D_binGMM_nb20_aun_0.0_1.0/a1_estopc5_fc_o3adam_lr-1.0de0.0e500_20231214_185853c1.0di-1ch3dfc0.0file_sum_ok.txt	56.7	0.792	0.442	0.0	0.603	0.0	-1.0	-1.0	-1.0	-1.0	0.41	0.0	0.194	0.0	0.24	0.0	0.16	0.0	27.2	0.792260718345642	0.07089923336361918	0.44190476536750795	0.07299240043544591	0.9368763966665851	0.032281166438946775	0.6026598639455782	0.11488584772376852	0.15995582240937026	0.12831844122040809
results/WT2D_binGMM_nb2_aun_0.0_1.0/a1_estopc5_fc_o3adam_lr-1.0de0.0e500_20231214_184306c1.0di-1ch3dfc0.0file_sum_ok.txt	36.3	0.891	0.446	0.0	0.66	0.0	-1.0	-1.0	-1.0	-1.0	0.454	0.0	0.343	0.0	0.373	0.0	0.177	0.0	36.5	0.8913564324378968	0.09414775830598344	0.4461904838681221	0.11153536253639253	0.9734042405219763	0.034494582675320073	0.6603537414965986	0.13398613925982042	0.17711082475461276	0.16979542184230886
results/WT2D_binGMM_nb3_aun_0.0_1.0/a1_estopc5_fc_o3adam_lr-1.0de0.0e500_20231214_184346c1.0di-1ch3dfc0.0file_sum_ok.txt	41.5	0.874	0.447	0.0	0.651	0.0	-1.0	-1.0	-1.0	-1.0	0.472	0.0	0.309	0.0	0.354	0.0	0.171	0.0	42.7	0.8744744598865509	0.09926562652642067	0.44714286774396894	0.1079483021524561	0.970945941826951	0.03508321398072941	0.6514648526077098	0.13058720104289795	0.17143931673946877	0.16827305587327968
results/WT2D_binGMM_nb4_aun_0.0_1.0/a1_estopc5_fc_o3adam_lr-1.0de0.0e500_20231214_184430c1.0di-1ch3dfc0.0file_sum_ok.txt	41.6	0.862	0.461	0.0	0.643	0.0	-1.0	-1.0	-1.0	-1.0	0.481	0.0	0.311	0.0	0.351	0.0	0.193	0.0	39.4	0.8621608853340149	0.08933524763888069	0.46142858266830444	0.08863925244124583	0.9686365849840477	0.032103927101468206	0.6426496598639456	0.12037614597636354	0.19263091589607534	0.14770652070377238
results/WT2D_binGMM_nb5_aun_0.0_1.0/a1_estopc5_fc_o3adam_lr-1.0de0.0e500_20231214_184515c1.0di-1ch3dfc0.0file_sum_ok.txt	43.1	0.858	0.448	0.0	0.636	0.0	-1.0	-1.0	-1.0	-1.0	0.434	0.0	0.282	0.0	0.319	0.0	0.168	0.0	37.9	0.8583088636398315	0.08329292404159486	0.4476190581917763	0.1138882032883633	0.9662154543000175	0.029699880483586263	0.6364852607709751	0.11903585386200236	0.16789923861499925	0.1958009660303677
results/WT2D_binGMM_nb6_aun_0.0_1.0/a1_estopc5_fc_o3adam_lr-1.0de0.0e500_20231214_184601c1.0di-1ch3dfc0.0file_sum_ok.txt	43.3	0.848	0.434	0.0	0.629	0.0	-1.0	-1.0	-1.0	-1.0	0.474	0.0	0.274	0.0	0.32	0.0	0.15	0.0	36.1	0.8483264863491058	0.08167252391922	0.43380953222513197	0.10882698061988859	0.9624215647906753	0.030125514026571768	0.6290532879818593	0.11568273270461131	0.15004882749227222	0.18637868262684668
results/WT2D_binGMM_nb7_aun_0.0_1.0/a1_estopc5_fc_o3adam_lr-1.0de0.0e500_20231214_184647c1.0di-1ch3dfc0.0file_sum_ok.txt	42.8	0.842	0.434	0.0	0.622	0.0	-1.0	-1.0	-1.0	-1.0	0.473	0.0	0.274	0.0	0.323	0.0	0.148	0.0	34.8	0.8421961188316345	0.07528083337104868	0.4342857226729393	0.10250380621898224	0.9597615201180328	0.030035538498971132	0.6215804988662131	0.11404000512003146	0.14827932054793896	0.1659878234403981
results/WT2D_binGMM_nb8_aun_0.0_1.0/a1_estopc5_fc_o3adam_lr-1.0de0.0e500_20231214_184733c1.0di-1ch3dfc0.0file_sum_ok.txt	47.1	0.836	0.434	0.0	0.62	0.0	-1.0	-1.0	-1.0	-1.0	0.443	0.0	0.263	0.0	0.308	0.0	0.146	0.0	33.4	0.8360305368900299	0.072175017757777	0.4342857226729393	0.10250380621898224	0.9566975898978317	0.030271904519291754	0.6196712018140589	0.11353454276021771	0.14590562620430356	0.17125869478529085
results/WT2D_binGMM_nb9_aun_0.0_1.0/a1_estopc5_fc_o3adam_lr-1.0de0.0e500_20231214_184823c1.0di-1ch3dfc0.0file_sum_ok.txt	47.6	0.828	0.434	0.0	0.618	0.0	-1.0	-1.0	-1.0	-1.0	0.442	0.0	0.246	0.0	0.294	0.0	0.146	0.0	32.0	0.8283558368682862	0.0698859704404371	0.4342857226729393	0.10250380621898224	0.9537288516103495	0.030239378613369287	0.617860544217687	0.11609938439405722	0.14590562620430356	0.17125869478529085
results/Zeller_fecal_colorectal_cancer_binGMM_nb10_aun_0.0_1.0/a1_estopc5_fc_o4adam_lr-1.0de0.0e500_20231214_190640c1.0di-1ch3dfc0.0file_sum_ok.txt	52.8	0.792	0.523	0.0	0.743	0.0	-1.0	-1.0	-1.0	-1.0	0.335	0.0	0.3	0.0	0.291	0.0	0.306	0.0	40.6	0.7918388485908509	0.11666453406251992	0.5230769336223602	0.08248349299668677	0.9435064982722288	0.0476557340858063	0.7433301131103328	0.06379734071504141	0.3059058852059496	0.14721424318140677
results/Zeller_fecal_colorectal_cancer_binGMM_nb11_aun_0.0_1.0/a1_estopc5_fc_o4adam_lr-1.0de0.0e500_20231214_190736c1.0di-1ch3dfc0.0file_sum_ok.txt	52.9	0.789	0.515	0.0	0.741	0.0	-1.0	-1.0	-1.0	-1.0	0.31	0.0	0.27	0.0	0.263	0.0	0.296	0.0	38.9	0.7885192811489106	0.11694776710079352	0.5153846263885498	0.07691522920167468	0.9419452744955187	0.04759837117072118	0.7406502837821519	0.06099195812142224	0.2955036664451235	0.13764502640351234
results/Zeller_fecal_colorectal_cancer_binGMM_nb12_aun_0.0_1.0/a1_estopc5_fc_o4adam_lr-1.0de0.0e500_20231214_190832c1.0di-1ch3dfc0.0file_sum_ok.txt	56.2	0.785	0.501	0.0	0.736	0.0	-1.0	-1.0	-1.0	-1.0	0.309	0.0	0.265	0.0	0.256	0.0	0.274	0.0	37.6	0.7851928353309632	0.11660692773660135	0.5005494594573975	0.08162439033848257	0.9420639395457201	0.04580534987782135	0.7361067503924648	0.05898777929030702	0.27425229161964404	0.14253063525245835
results/Zeller_fecal_colorectal_cancer_binGMM_nb13_aun_0.0_1.0/a1_estopc5_fc_o4adam_lr-1.0de0.0e500_20231214_190931c1.0di-1ch3dfc0.0file_sum_ok.txt	58.3	0.779	0.523	0.0	0.742	0.0	-1.0	-1.0	-1.0	-1.0	0.312	0.0	0.28	0.0	0.273	0.0	0.297	0.0	39.6	0.7793801605701447	0.11775856704266173	0.5230769336223602	0.08248349299668677	0.9424017026640055	0.04659874002540652	0.7420581250251581	0.061312321773018624	0.2972966168412108	0.14036856415032792
results/Zeller_fecal_colorectal_cancer_binGMM_nb14_aun_0.0_1.0/a1_estopc5_fc_o4adam_lr-1.0de0.0e500_20231214_191032c1.0di-1ch3dfc0.0file_sum_ok.txt	56.1	0.775	0.5	0.0	0.738	0.0	-1.0	-1.0	-1.0	-1.0	0.294	0.0	0.263	0.0	0.255	0.0	0.266	0.0	37.9	0.775227278470993	0.11766138507829321	0.5000000089406967	0.08565086569672992	0.9414950952677286	0.04662998770001694	0.73780038642676	0.057606750795024364	0.266444468735801	0.139001253236223
results/Zeller_fecal_colorectal_cancer_binGMM_nb15_aun_0.0_1.0/a1_estopc5_fc_o4adam_lr-1.0de0.0e500_20231214_191131c1.0di-1ch3dfc0.0file_sum_ok.txt	57.6	0.774	0.485	0.0	0.738	0.0	-1.0	-1.0	-1.0	-1.0	0.305	0.0	0.263	0.0	0.256	0.0	0.242	0.0	37.3	0.7744008302688599	0.11732727287517149	0.48516484797000886	0.08917533877329788	0.9403971203077607	0.04639727040067381	0.7376303183995492	0.05707461619075	0.24182836600247487	0.14380842192348745
results/Zeller_fecal_colorectal_cancer_binGMM_nb16_aun_0.0_1.0/a1_estopc5_fc_o4adam_lr-1.0de0.0e500_20231214_191232c1.0di-1ch3dfc0.0file_sum_ok.txt	57.1	0.772	0.478	0.0	0.734	0.0	-1.0	-1.0	-1.0	-1.0	0.293	0.0	0.263	0.0	0.254	0.0	0.23	0.0	35.4	0.7719077110290528	0.11627854993992577	0.4780219912528992	0.09055105705296511	0.9395913359743189	0.046346111507449425	0.7341544901984463	0.05411817789877435	0.22954026967105973	0.1483390925719565
results/Zeller_fecal_colorectal_cancer_binGMM_nb17_aun_0.0_1.0/a1_estopc5_fc_o4adam_lr-1.0de0.0e500_20231214_191332c1.0di-1ch3dfc0.0file_sum_ok.txt	57.5	0.77	0.478	0.0	0.733	0.0	-1.0	-1.0	-1.0	-1.0	0.29	0.0	0.258	0.0	0.251	0.0	0.23	0.0	34.8	0.7702479243278504	0.1168097874377124	0.4780219912528992	0.09055105705296511	0.9390734460811471	0.04648291984482796	0.7334198768264704	0.05412006594387056	0.22954026967105973	0.1483390925719565
results/Zeller_fecal_colorectal_cancer_binGMM_nb18_aun_0.0_1.0/a1_estopc5_fc_o4adam_lr-1.0de0.0e500_20231214_191433c1.0di-1ch3dfc0.0file_sum_ok.txt	58.9	0.769	0.478	0.0	0.732	0.0	-1.0	-1.0	-1.0	-1.0	0.278	0.0	0.245	0.0	0.236	0.0	0.23	0.0	34.1	0.7685881495475769	0.11741496496966351	0.4780219912528992	0.09055105705296511	0.9383625501825164	0.04629558852053895	0.7320935474781629	0.05402460589214614	0.22954026967105973	0.1483390925719565
results/Zeller_fecal_colorectal_cancer_binGMM_nb19_aun_0.0_1.0/a1_estopc5_fc_o4adam_lr-1.0de0.0e500_20231214_191535c1.0di-1ch3dfc0.0file_sum_ok.txt	56.0	0.768	0.47	0.0	0.732	0.0	-1.0	-1.0	-1.0	-1.0	0.276	0.0	0.24	0.0	0.232	0.0	0.218	0.0	33.6	0.7677479267120362	0.11798952349204167	0.4703296825289726	0.1065480891438019	0.9376701155684064	0.04622265307633432	0.7317534114237412	0.053361296775803486	0.21784267208040756	0.17845435554680392
results/Zeller_fecal_colorectal_cancer_binGMM_nb20_aun_0.0_1.0/a1_estopc5_fc_o4adam_lr-1.0de0.0e500_20231214_191634c1.0di-1ch3dfc0.0file_sum_ok.txt	55.4	0.769	0.47	0.0	0.731	0.0	-1.0	-1.0	-1.0	-1.0	0.279	0.0	0.245	0.0	0.237	0.0	0.218	0.0	31.8	0.7685743808746338	0.11427068746275718	0.4703296825289726	0.1065480891438019	0.9368722949821278	0.044994688035841945	0.7307672181298555	0.05448201365065971	0.21784267208040756	0.17845435554680392
results/Zeller_fecal_colorectal_cancer_binGMM_nb2_aun_0.0_1.0/a1_estopc5_fc_o4adam_lr-1.0de0.0e500_20231214_185953c1.0di-1ch3dfc0.0file_sum_ok.txt	39.1	0.897	0.565	0.0	0.776	0.0	-1.0	-1.0	-1.0	-1.0	0.37	0.0	0.316	0.0	0.328	0.0	0.38	0.0	44.7	0.8974311292171478	0.12302130178159436	0.5653846293687821	0.11202460125460222	0.9840330412502182	0.024133384838647173	0.7764853278589543	0.09081359114667095	0.3801917851027643	0.1770856461968963
results/Zeller_fecal_colorectal_cancer_binGMM_nb3_aun_0.0_1.0/a1_estopc5_fc_o4adam_lr-1.0de0.0e500_20231214_190035c1.0di-1ch3dfc0.0file_sum_ok.txt	41.4	0.88	0.552	0.0	0.768	0.0	-1.0	-1.0	-1.0	-1.0	0.359	0.0	0.303	0.0	0.307	0.0	0.346	0.0	47.5	0.8799655735492706	0.12179536532885177	0.5521978169679642	0.12958765694046798	0.9770880428059711	0.030268227319735348	0.7678863261280844	0.08439464637827837	0.34590843817715455	0.20953941435728826
results/Zeller_fecal_colorectal_cancer_binGMM_nb4_aun_0.0_1.0/a1_estopc5_fc_o4adam_lr-1.0de0.0e500_20231214_190119c1.0di-1ch3dfc0.0file_sum_ok.txt	47.4	0.854	0.569	0.0	0.765	0.0	-1.0	-1.0	-1.0	-1.0	0.388	0.0	0.343	0.0	0.343	0.0	0.373	0.0	58.6	0.8542217791080475	0.12027358073782117	0.568681326508522	0.11876904912004474	0.9729884197598324	0.031312030326193764	0.7645463510848127	0.08452754724793042	0.3725929716273881	0.18239122677900269
results/Zeller_fecal_colorectal_cancer_binGMM_nb5_aun_0.0_1.0/a1_estopc5_fc_o4adam_lr-1.0de0.0e500_20231214_190210c1.0di-1ch3dfc0.0file_sum_ok.txt	50.7	0.837	0.569	0.0	0.758	0.0	-1.0	-1.0	-1.0	-1.0	0.391	0.0	0.354	0.0	0.35	0.0	0.374	0.0	59.1	0.8367768704891205	0.11186289287682914	0.568681326508522	0.11876904912004474	0.9694362359507925	0.03167463951826972	0.7579207422614015	0.08139991782451028	0.3735298315090335	0.18297319206232157
results/Zeller_fecal_colorectal_cancer_binGMM_nb6_aun_0.0_1.0/a1_estopc5_fc_o4adam_lr-1.0de0.0e500_20231214_190303c1.0di-1ch3dfc0.0file_sum_ok.txt	48.6	0.825	0.569	0.0	0.756	0.0	-1.0	-1.0	-1.0	-1.0	0.381	0.0	0.353	0.0	0.35	0.0	0.374	0.0	54.8	0.8251239776611328	0.10717393767193185	0.568681326508522	0.11876904912004474	0.9667247303994111	0.03011009348937373	0.7561858471199131	0.07964078832928405	0.3735298315090335	0.18297319206232157
results/Zeller_fecal_colorectal_cancer_binGMM_nb7_aun_0.0_1.0/a1_estopc5_fc_o4adam_lr-1.0de0.0e500_20231214_190355c1.0di-1ch3dfc0.0file_sum_ok.txt	51.6	0.815	0.56	0.0	0.753	0.0	-1.0	-1.0	-1.0	-1.0	0.36	0.0	0.333	0.0	0.329	0.0	0.363	0.0	50.3	0.8151515066623688	0.1084768656963776	0.5604395717382431	0.0988094847652744	0.9625263322240689	0.031512297901126335	0.7529887694722859	0.07495658358622409	0.36315990992741537	0.15514969962963443
results/Zeller_fecal_colorectal_cancer_binGMM_nb8_aun_0.0_1.0/a1_estopc5_fc_o4adam_lr-1.0de0.0e500_20231214_190450c1.0di-1ch3dfc0.0file_sum_ok.txt	51.4	0.803	0.546	0.0	0.75	0.0	-1.0	-1.0	-1.0	-1.0	0.341	0.0	0.32	0.0	0.312	0.0	0.339	0.0	46.0	0.803491735458374	0.11333143870792839	0.545604407787323	0.09652362545525513	0.9525515566066373	0.04153827563523806	0.7503018959062915	0.07304745421547541	0.3393231633197004	0.16454377304506068
results/Zeller_fecal_colorectal_cancer_binGMM_nb9_aun_0.0_1.0/a1_estopc5_fc_o4adam_lr-1.0de0.0e500_20231214_190544c1.0di-1ch3dfc0.0file_sum_ok.txt	52.8	0.797	0.538	0.0	0.747	0.0	-1.0	-1.0	-1.0	-1.0	0.334	0.0	0.315	0.0	0.306	0.0	0.331	0.0	43.3	0.7968457400798797	0.1144799750180917	0.5384615510702133	0.08390597756388553	0.9505110327226689	0.04170187502669178	0.7471390331280442	0.06882813016109456	0.33074990462636256	0.14856958181150345
